id,count
200400,686
200300,4085
200100,241
200000,58
170400,297
170300,5786
170200,77648
170000,20874
160500,90
160400,352
160300,2428
160100,1215
160000,2801
150900,16728
150700,6616
150500,465
150400,62
150300,72
150200,106
150000,1137
141500,557
141400,4809
141300,780
141200,3044
141100,315
141000,43
140800,161
140500,160
140400,304
140300,149
140200,142
140100,72
140000,2433
130700,277
130600,289
130500,1278
130400,1161
130100,5120
130000,2007
120300,6067
120200,1293
120100,1374
120000,1995
110200,3201
110100,478
110000,757
100200,2118
100100,3147
100000,1040
090700,177
090600,3561
090300,678
090200,333
090100,960
090000,1444
080600,147
080500,1612
080400,264
080300,5190
080100,1951
080000,1360
072000,105
071900,265
071800,1880
071600,4283
071500,1125
071400,1993
071300,1434
071200,2718
071100,11858
071000,82
070800,1955
070700,454
070600,1090
070500,4961
070400,186
070300,358
070100,646
070000,24888
061400,1802
061300,220
061200,26714
061100,17775
061000,143
060900,844
060800,659
060700,6158
060600,25929
060500,1472
060400,2967
060300,6352
060200,8577
060100,651
060000,45467
050900,869
050800,2019
050700,1139
050600,783
050500,1150
050400,200
050300,7172
050200,1899
050100,35635
050000,14161
040200,185
040000,193
030100,959
030000,1934
020000,1005
011100,108
011000,184
010900,189
010800,1113
010500,96
010400,1022
010100,334
010000,1507
